xof 0303txt 0032
template ColorRGBA {
 <35ff44e0-6c7c-11cf-8f52-0040333594a3>
 FLOAT red;
 FLOAT green;
 FLOAT blue;
 FLOAT alpha;
}

template ColorRGB {
 <d3e16e81-7835-11cf-8f52-0040333594a3>
 FLOAT red;
 FLOAT green;
 FLOAT blue;
}

template Material {
 <3d82ab4d-62da-11cf-ab39-0020af71e433>
 ColorRGBA faceColor;
 FLOAT power;
 ColorRGB specularColor;
 ColorRGB emissiveColor;
 [...]
}

template Frame {
 <3d82ab46-62da-11cf-ab39-0020af71e433>
 [...]
}

template Matrix4x4 {
 <f6f23f45-7686-11cf-8f52-0040333594a3>
 array FLOAT matrix[16];
}

template FrameTransformMatrix {
 <f6f23f41-7686-11cf-8f52-0040333594a3>
 Matrix4x4 frameMatrix;
}

template Vector {
 <3d82ab5e-62da-11cf-ab39-0020af71e433>
 FLOAT x;
 FLOAT y;
 FLOAT z;
}

template MeshFace {
 <3d82ab5f-62da-11cf-ab39-0020af71e433>
 DWORD nFaceVertexIndices;
 array DWORD faceVertexIndices[nFaceVertexIndices];
}

template Mesh {
 <3d82ab44-62da-11cf-ab39-0020af71e433>
 DWORD nVertices;
 array Vector vertices[nVertices];
 DWORD nFaces;
 array MeshFace faces[nFaces];
 [...]
}

template MeshNormals {
 <f6f23f43-7686-11cf-8f52-0040333594a3>
 DWORD nNormals;
 array Vector normals[nNormals];
 DWORD nFaceNormals;
 array MeshFace faceNormals[nFaceNormals];
}

template MeshMaterialList {
 <f6f23f42-7686-11cf-8f52-0040333594a3>
 DWORD nMaterials;
 DWORD nFaceIndexes;
 array DWORD faceIndexes[nFaceIndexes];
 [Material <3d82ab4d-62da-11cf-ab39-0020af71e433>]
}

template Animation {
 <3d82ab4f-62da-11cf-ab39-0020af71e433>
 [...]
}

template AnimationSet {
 <3d82ab50-62da-11cf-ab39-0020af71e433>
 [Animation <3d82ab4f-62da-11cf-ab39-0020af71e433>]
}

template FloatKeys {
 <10dd46a9-775b-11cf-8f52-0040333594a3>
 DWORD nValues;
 array FLOAT values[nValues];
}

template TimedFloatKeys {
 <f406b180-7b3b-11cf-8f52-0040333594a3>
 DWORD time;
 FloatKeys tfkeys;
}

template AnimationKey {
 <10dd46a8-775b-11cf-8f52-0040333594a3>
 DWORD keyType;
 DWORD nKeys;
 array TimedFloatKeys keys[nKeys];
}


Material VisualMaterial {
 0.800000;0.800000;0.800000;1.000000;;
 0.000000;
 1.000000;1.000000;1.000000;;
 0.000000;0.000000;0.000000;;
}

Frame VisualSceneNode1 {
 

 FrameTransformMatrix {
  1.000000,0.000000,0.000000,0.000000,0.000000,1.000000,0.000000,0.000000,0.000000,0.000000,1.000000,0.000000,0.000000,0.000000,0.000000,1.000000;;
 }

 Frame VisualSceneNode2 {
  

  FrameTransformMatrix {
   -0.000000,1.000000,-0.000000,0.000000,0.000000,-0.000000,-1.000000,0.000000,-1.000000,-0.000000,0.000000,0.000000,0.000000,0.000004,0.000000,1.000000;;
  }

  Frame VisualSceneNode3 {
   

   FrameTransformMatrix {
    -0.000000,-1.000000,0.000000,0.000000,1.000000,-0.000000,0.000000,0.000000,0.000000,-0.000000,1.000000,0.000000,1.718520,-0.043511,-0.000000,1.000000;;
   }

   Frame VisualSceneNode4 {
    

    FrameTransformMatrix {
     -0.052938,-0.998434,0.018074,0.000000,0.998434,-0.052593,0.019065,0.000000,-0.018084,0.019055,0.999655,0.000000,0.002971,-0.016164,-0.141279,1.000000;;
    }

    Frame VisualSceneNode5 {
     

     FrameTransformMatrix {
      0.986435,0.164131,-0.002662,0.000000,-0.164130,0.986439,0.000521,0.000000,0.002711,-0.000077,0.999996,0.000000,0.693466,0.000000,0.000000,1.000000;;
     }

     Frame VisualSceneNode6 {
      

      FrameTransformMatrix {
       0.594958,-0.779762,-0.194930,0.000000,0.637789,0.605600,-0.475893,0.000000,0.489133,0.158812,0.857630,0.000000,0.838899,0.000000,0.000000,1.000000;;
      }

      Frame VisualSceneNode7 {
       

       FrameTransformMatrix {
        1.000000,-0.000000,0.000000,0.000000,-0.000000,1.000000,0.000000,0.000000,-0.000000,0.000000,1.000000,0.000000,0.258120,-0.000000,0.000000,1.000000;;
       }
      }
     }
    }
   }

   Frame VisualSceneNode8 {
    

    FrameTransformMatrix {
     -0.053330,-0.998412,-0.018135,0.000000,0.998412,-0.052983,-0.019126,0.000000,0.018135,-0.019126,0.999653,0.000000,0.002970,-0.016165,0.141280,1.000000;;
    }

    Frame VisualSceneNode9 {
     

     FrameTransformMatrix {
      0.986364,0.164557,0.002546,0.000000,-0.164556,0.986368,-0.000642,0.000000,-0.002617,0.000214,0.999997,0.000000,0.693463,0.000000,0.000000,1.000000;;
     }

     Frame VisualSceneNode10 {
      

      FrameTransformMatrix {
       0.595322,-0.779260,0.195819,0.000000,0.636215,0.606022,0.477459,0.000000,-0.490736,-0.159659,0.856555,0.000000,0.838902,0.000000,0.000000,1.000000;;
      }

      Frame VisualSceneNode11 {
       

       FrameTransformMatrix {
        1.000000,-0.000000,0.000000,0.000000,0.000000,1.000000,-0.000000,0.000000,-0.000000,0.000000,1.000000,0.000000,0.258007,-0.000000,0.000000,1.000000;;
       }
      }
     }
    }
   }

   Frame VisualSceneNode12 {
    

    FrameTransformMatrix {
     -0.021393,0.999771,0.000292,0.000000,-0.999771,-0.021393,-0.000284,0.000000,-0.000277,-0.000298,1.000000,0.000000,0.049596,0.186000,0.000002,1.000000;;
    }

    Frame VisualSceneNode13 {
     

     FrameTransformMatrix {
      0.997451,0.071162,0.005120,0.000000,-0.071133,0.997451,-0.005595,0.000000,-0.005505,0.005217,0.999971,0.000000,0.097472,0.000000,0.000000,1.000000;;
     }

     Frame VisualSceneNode14 {
      

      FrameTransformMatrix {
       0.999956,-0.009169,0.001997,0.000000,0.009173,0.999955,-0.002226,0.000000,-0.001976,0.002244,0.999995,0.000000,0.097533,0.000000,-0.000000,1.000000;;
      }

      Frame VisualSceneNode15 {
       

       FrameTransformMatrix {
        1.000000,0.000000,-0.000000,0.000000,-0.000000,0.999999,0.000000,0.000000,0.000000,0.000000,1.000000,0.000000,0.097830,0.000000,0.000000,1.000000;;
       }

       Frame VisualSceneNode16 {
        

        FrameTransformMatrix {
         0.120683,-0.327907,-0.936969,0.000000,0.992116,0.071939,0.102610,0.000000,0.033758,-0.941966,0.334004,0.000000,0.269336,0.129720,-0.030055,1.000000;;
        }

        Frame VisualSceneNode17 {
         

         FrameTransformMatrix {
          1.000000,-0.000000,-0.000000,0.000000,-0.000000,0.999999,-0.000000,0.000000,0.000000,0.000000,0.999999,0.000000,0.247323,0.000000,-0.000000,1.000000;;
         }

         Frame VisualSceneNode18 {
          

          FrameTransformMatrix {
           0.323670,-0.155155,0.933361,0.000000,0.155156,0.981813,0.109404,0.000000,-0.933362,0.109406,0.341857,0.000000,0.298676,-0.389120,-0.060939,1.000000;;
          }

          Frame VisualSceneNode19 {
           

           FrameTransformMatrix {
            0.999999,0.000000,0.000000,0.000000,-0.000000,0.999999,0.000000,0.000000,-0.000000,0.000000,1.000000,0.000000,-0.282193,-0.380159,-0.336347,1.000000;;
           }

           Frame VisualSceneNode20 {
            

            FrameTransformMatrix {
             -0.331909,-0.940874,0.067756,0.000000,0.940874,-0.325038,0.095418,0.000000,-0.067753,0.095420,0.993128,0.000000,-0.039496,-0.058247,0.025338,1.000000;;
            }

            Frame VisualSceneNode21 {
             

             FrameTransformMatrix {
              0.997311,0.023061,-0.069550,0.000000,-0.029475,0.995262,-0.092646,0.000000,0.067084,0.094447,0.993266,0.000000,0.135317,-0.000000,0.000000,1.000000;;
             }

             Frame VisualSceneNode22 {
              

              FrameTransformMatrix {
               0.999999,0.000000,-0.000000,0.000000,-0.000000,1.000000,-0.000001,0.000000,-0.000000,0.000001,0.999999,0.000000,0.067169,0.000000,-0.000000,1.000000;;
              }
             }
            }
           }

           Frame VisualSceneNode23 {
            

            FrameTransformMatrix {
             -0.819389,-0.506468,-0.268499,0.000000,0.506469,-0.420236,-0.752921,0.000000,0.268498,-0.752922,0.600847,0.000000,-0.188514,-0.114372,-0.032885,1.000000;;
            }

            Frame VisualSceneNode24 {
             

             FrameTransformMatrix {
              0.810145,0.361486,0.461511,0.000000,-0.519543,0.807400,0.279607,0.000000,-0.271551,-0.466297,0.841919,0.000000,0.092014,-0.000000,0.000000,1.000000;;
             }

             Frame VisualSceneNode25 {
              

              FrameTransformMatrix {
               1.000000,0.000000,-0.000000,0.000000,0.000000,1.000000,0.000000,0.000000,-0.000000,-0.000000,1.000000,0.000000,0.118611,0.000000,0.000000,1.000000;;
              }
             }
            }
           }

           Frame VisualSceneNode26 {
            

            FrameTransformMatrix {
             -0.554301,-0.503406,-0.662821,0.000000,0.503409,0.431411,-0.748641,0.000000,0.662819,-0.748643,0.014287,0.000000,-0.149248,-0.103504,-0.106126,1.000000;;
            }

            Frame VisualSceneNode27 {
             

             FrameTransformMatrix {
              0.791305,-0.295167,0.535454,0.000000,-0.217362,0.682742,0.697580,0.000000,-0.571479,-0.668386,0.476099,0.000000,0.083269,0.000000,0.000000,1.000000;;
             }

             Frame VisualSceneNode28 {
              

              FrameTransformMatrix {
               0.999999,0.000000,0.000000,0.000000,0.000000,0.999999,0.000000,0.000000,0.000000,-0.000000,0.999999,0.000000,0.123409,0.000000,0.000000,1.000000;;
              }
             }
            }
           }

           Frame VisualSceneNode29 {
            

            FrameTransformMatrix {
             -0.291790,-0.409757,-0.864267,0.000000,0.409761,0.762919,-0.500049,0.000000,0.864265,-0.500052,-0.054710,0.000000,-0.094364,-0.097817,-0.152915,1.000000;;
            }

            Frame VisualSceneNode30 {
             

             FrameTransformMatrix {
              0.664377,-0.610910,0.430571,0.000000,-0.026862,0.556203,0.830611,0.000000,-0.746914,-0.563405,0.353118,0.000000,0.070899,0.000000,0.000000,1.000000;;
             }

             Frame VisualSceneNode31 {
              

              FrameTransformMatrix {
               0.999999,0.000000,0.000000,0.000000,0.000000,0.999999,-0.000000,0.000000,0.000000,0.000000,0.999999,0.000000,0.124618,-0.000000,0.000000,1.000000;;
              }
             }
            }
           }

           Frame VisualSceneNode32 {
            

            FrameTransformMatrix {
             -0.066275,-0.700284,-0.710781,0.000000,0.700285,0.474792,-0.533077,0.000000,0.710779,-0.533080,0.458932,0.000000,-0.094901,-0.111185,-0.187355,1.000000;;
            }

            Frame VisualSceneNode33 {
             

             FrameTransformMatrix {
              0.985969,-0.067579,0.152633,0.000000,0.042172,0.985567,0.163944,0.000000,-0.161510,-0.155207,0.974590,0.000000,0.058537,0.000000,0.000000,1.000000;;
             }

             Frame VisualSceneNode34 {
              

              FrameTransformMatrix {
               1.000000,0.000000,0.000000,0.000000,-0.000000,1.000000,-0.000002,0.000000,0.000000,0.000002,1.000000,0.000000,0.036196,-0.000000,0.000000,1.000000;;
              }
             }
            }
           }

           Frame VisualSceneNode35 {
            

            FrameTransformMatrix {
             0.999999,0.000000,0.000000,0.000000,-0.000000,0.999999,-0.000000,0.000000,-0.000000,0.000000,1.000000,0.000000,0.000001,0.000002,0.000000,1.000000;;
            }
           }
          }

          Frame VisualSceneNode36 {
           

           FrameTransformMatrix {
            -0.971432,0.039094,-0.234073,0.000000,-0.039089,0.946506,0.320308,0.000000,0.234074,0.320307,-0.917939,0.000000,-0.093841,-0.126422,-0.111852,1.000000;;
           }

           Frame VisualSceneNode37 {
            

            FrameTransformMatrix {
             0.999999,-0.000000,0.000000,0.000000,-0.000000,0.999999,-0.000033,0.000000,-0.000000,0.000033,0.999999,0.000000,0.058257,0.000000,0.000000,1.000000;;
            }
           }
          }

          Frame VisualSceneNode38 {
           

           FrameTransformMatrix {
            0.999999,0.000000,0.000000,0.000000,-0.000000,0.999999,0.000000,0.000000,-0.000000,0.000000,1.000000,0.000000,-0.179122,-0.241307,-0.213498,1.000000;;
           }
          }
         }

         Frame VisualSceneNode39 {
          

          FrameTransformMatrix {
           0.323670,-0.155155,0.933361,0.000000,0.155156,0.981813,0.109404,0.000000,-0.933362,0.109406,0.341857,0.000000,0.173417,-0.225928,-0.035382,1.000000;;
          }
         }
        }
       }

       Frame VisualSceneNode40 {
        

        FrameTransformMatrix {
         -0.083363,-0.996491,-0.007442,0.000000,0.996491,-0.083303,-0.008086,0.000000,0.007438,-0.008090,0.999939,0.000000,0.387026,0.000358,-0.004162,1.000000;;
        }

        Frame VisualSceneNode41 {
         

         FrameTransformMatrix {
          1.000000,0.000000,0.000000,0.000000,0.000000,0.999999,-0.000000,0.000000,-0.000000,-0.000000,0.999999,0.000000,-0.033146,0.097175,0.000001,1.000000;;
         }

         Frame VisualSceneNode42 {
          

          FrameTransformMatrix {
           1.000000,0.000000,-0.000000,0.000000,0.000000,0.999999,-0.000000,0.000000,0.000000,0.000000,0.999999,0.000000,-0.215262,0.065611,0.000095,1.000000;;
          }

          Frame VisualSceneNode43 {
           

           FrameTransformMatrix {
            1.000000,0.000000,-0.000000,0.000000,0.000000,0.999999,-0.000000,0.000000,0.000000,0.000000,0.999999,0.000000,-0.011303,-0.065380,-0.118478,1.000000;;
           }
          }

          Frame VisualSceneNode44 {
           

           FrameTransformMatrix {
            1.000000,0.000000,-0.000000,0.000000,0.000000,0.999999,-0.000000,0.000000,0.000000,0.000000,0.999999,0.000000,-0.011505,-0.065389,0.118457,1.000000;;
           }
          }
         }

         Frame VisualSceneNode45 {
          

          FrameTransformMatrix {
           1.000000,0.000000,-0.000000,0.000000,0.000000,0.999999,-0.000000,0.000000,0.000000,0.000000,0.999999,0.000000,-0.381776,0.028566,-0.000048,1.000000;;
          }
         }

         Frame VisualSceneNode46 {
          

          FrameTransformMatrix {
           1.000000,0.000000,-0.000000,0.000000,0.000000,0.999999,-0.000000,0.000000,0.000000,0.000000,0.999999,0.000000,-0.350789,-0.043057,-0.049362,1.000000;;
          }
         }

         Frame VisualSceneNode47 {
          

          FrameTransformMatrix {
           1.000000,0.000000,-0.000000,0.000000,0.000000,0.999999,-0.000000,0.000000,0.000000,0.000000,0.999999,0.000000,-0.316843,0.039773,-0.158796,1.000000;;
          }
         }

         Frame VisualSceneNode48 {
          

          FrameTransformMatrix {
           1.000000,0.000000,-0.000000,0.000000,0.000000,0.999999,-0.000000,0.000000,0.000000,0.000000,0.999999,0.000000,-0.358612,0.032501,-0.113835,1.000000;;
          }
         }

         Frame VisualSceneNode49 {
          

          FrameTransformMatrix {
           1.000000,0.000000,-0.000000,0.000000,0.000000,0.999999,-0.000000,0.000000,0.000000,0.000000,0.999999,0.000000,-0.285562,0.237613,-0.224787,1.000000;;
          }
         }

         Frame VisualSceneNode50 {
          

          FrameTransformMatrix {
           1.000000,0.000000,-0.000000,0.000000,0.000000,0.999999,-0.000000,0.000000,0.000000,0.000000,0.999999,0.000000,-0.393512,0.050557,-0.055970,1.000000;;
          }
         }

         Frame VisualSceneNode51 {
          

          FrameTransformMatrix {
           1.000000,0.000000,-0.000000,0.000000,0.000000,0.999999,-0.000000,0.000000,0.000000,0.000000,0.999999,0.000000,-0.356080,0.173616,-0.169658,1.000000;;
          }
         }

         Frame VisualSceneNode52 {
          

          FrameTransformMatrix {
           1.000000,0.000000,-0.000000,0.000000,0.000000,0.999999,-0.000000,0.000000,0.000000,0.000000,0.999999,0.000000,-0.423506,0.159222,-0.065903,1.000000;;
          }
         }

         Frame VisualSceneNode53 {
          

          FrameTransformMatrix {
           1.000000,0.000000,-0.000000,0.000000,0.000000,0.999999,-0.000000,0.000000,0.000000,0.000000,0.999999,0.000000,-0.350789,-0.043055,0.049364,1.000000;;
          }
         }

         Frame VisualSceneNode54 {
          

          FrameTransformMatrix {
           1.000000,0.000000,-0.000000,0.000000,0.000000,0.999999,-0.000000,0.000000,0.000000,0.000000,0.999999,0.000000,-0.317127,0.039755,0.158810,1.000000;;
          }
         }

         Frame VisualSceneNode55 {
          

          FrameTransformMatrix {
           1.000000,0.000000,-0.000000,0.000000,0.000000,0.999999,-0.000000,0.000000,0.000000,0.000000,0.999999,0.000000,-0.358817,0.032491,0.113779,1.000000;;
          }
         }

         Frame VisualSceneNode56 {
          

          FrameTransformMatrix {
           1.000000,0.000000,-0.000000,0.000000,0.000000,0.999999,-0.000000,0.000000,0.000000,0.000000,0.999999,0.000000,-0.285947,0.237597,0.224871,1.000000;;
          }
         }

         Frame VisualSceneNode57 {
          

          FrameTransformMatrix {
           1.000000,0.000000,-0.000000,0.000000,0.000000,0.999999,-0.000000,0.000000,0.000000,0.000000,0.999999,0.000000,-0.393606,0.050555,0.055858,1.000000;;
          }
         }

         Frame VisualSceneNode58 {
          

          FrameTransformMatrix {
           1.000000,0.000000,-0.000000,0.000000,0.000000,0.999999,-0.000000,0.000000,0.000000,0.000000,0.999999,0.000000,-0.423754,0.159508,0.065645,1.000000;;
          }
         }

         Frame VisualSceneNode59 {
          

          FrameTransformMatrix {
           1.000000,0.000000,-0.000000,0.000000,0.000000,0.999999,-0.000000,0.000000,0.000000,0.000000,0.999999,0.000000,-0.356403,0.173790,0.169568,1.000000;;
          }
         }

         Frame VisualSceneNode60 {
          

          FrameTransformMatrix {
           1.000000,0.000000,-0.000000,0.000000,0.000000,0.999999,-0.000000,0.000000,0.000000,0.000000,0.999999,0.000000,-0.370737,0.017998,-0.074931,1.000000;;
          }
         }

         Frame VisualSceneNode61 {
          

          FrameTransformMatrix {
           1.000000,0.000000,-0.000000,0.000000,0.000000,0.999999,-0.000000,0.000000,0.000000,0.000000,0.999999,0.000000,-0.365709,0.019846,0.072555,1.000000;;
          }
         }

         Frame VisualSceneNode62 {
          

          FrameTransformMatrix {
           1.000000,0.000000,-0.000000,0.000000,0.000000,0.999999,-0.000000,0.000000,0.000000,0.000000,0.999999,0.000000,-0.306643,0.135466,0.077451,1.000000;;
          }

          Frame VisualSceneNode63 {
           

           FrameTransformMatrix {
            1.000000,0.000000,-0.000000,0.000000,0.000000,0.999999,-0.000000,0.000000,0.000000,0.000000,0.999999,0.000000,-0.000002,0.000000,0.000002,1.000000;;
           }
          }

          Frame VisualSceneNode64 {
           

           FrameTransformMatrix {
            1.000000,0.000000,-0.000000,0.000000,0.000000,0.999999,-0.000000,0.000000,0.000000,0.000000,0.999999,0.000000,-0.000001,-0.000002,0.000000,1.000000;;
           }
          }

          Frame VisualSceneNode65 {
           

           FrameTransformMatrix {
            -0.637991,-0.150117,-0.755269,0.000000,0.150114,0.937750,-0.313191,0.000000,0.755269,-0.313190,-0.575742,0.000000,0.000000,-0.000001,0.000000,1.000000;;
           }

           Frame VisualSceneNode66 {
            

            FrameTransformMatrix {
             1.000000,0.000000,0.000000,0.000000,0.000000,0.999999,0.000000,0.000000,-0.000000,0.000000,0.999999,0.000000,0.000001,0.000000,0.000000,1.000000;;
            }
           }
          }

          Frame VisualSceneNode67 {
           

           FrameTransformMatrix {
            1.000000,0.000000,-0.000000,0.000000,0.000000,0.999999,-0.000000,0.000000,0.000000,0.000000,0.999999,0.000000,-0.000002,0.000001,0.000001,1.000000;;
           }
          }

          Frame VisualSceneNode68 {
           

           FrameTransformMatrix {
            1.000000,0.000000,-0.000000,0.000000,0.000000,0.999999,-0.000000,0.000000,0.000000,0.000000,0.999999,0.000000,0.000000,-0.000002,0.000001,1.000000;;
           }
          }

          Frame VisualSceneNode69 {
           

           FrameTransformMatrix {
            1.000000,0.000000,-0.000000,0.000000,0.000000,0.999999,-0.000000,0.000000,0.000000,0.000000,0.999999,0.000000,-0.000002,0.000000,-0.000001,1.000000;;
           }
          }

          Frame VisualSceneNode70 {
           

           FrameTransformMatrix {
            1.000000,0.000000,-0.000000,0.000000,0.000000,0.999999,-0.000000,0.000000,0.000000,0.000000,0.999999,0.000000,-0.000003,0.000000,0.000000,1.000000;;
           }
          }

          Frame VisualSceneNode71 {
           

           FrameTransformMatrix {
            1.000000,0.000000,-0.000000,0.000000,0.000000,0.999999,-0.000000,0.000000,0.000000,0.000000,0.999999,0.000000,-0.000001,-0.000002,0.000000,1.000000;;
           }
          }
         }

         Frame VisualSceneNode72 {
          

          FrameTransformMatrix {
           1.000000,0.000000,-0.000000,0.000000,0.000000,0.999999,-0.000000,0.000000,0.000000,0.000000,0.999999,0.000000,-0.306502,0.135471,-0.077411,1.000000;;
          }

          Frame VisualSceneNode73 {
           

           FrameTransformMatrix {
            1.000000,0.000000,-0.000000,0.000000,0.000000,0.999999,-0.000000,0.000000,0.000000,0.000000,0.999999,0.000000,0.000000,0.000000,0.000000,1.000000;;
           }
          }

          Frame VisualSceneNode74 {
           

           FrameTransformMatrix {
            1.000000,0.000000,-0.000000,0.000000,0.000000,0.999999,-0.000000,0.000000,0.000000,0.000000,0.999999,0.000000,0.000000,0.000000,0.000000,1.000000;;
           }
          }

          Frame VisualSceneNode75 {
           

           FrameTransformMatrix {
            0.166256,-0.241827,-0.955970,0.000000,0.241826,0.949856,-0.198224,0.000000,0.955970,-0.198222,0.216400,0.000000,-0.000143,-0.000005,-0.000035,1.000000;;
           }

           Frame VisualSceneNode76 {
            

            FrameTransformMatrix {
             1.000000,-0.000000,0.000000,0.000000,-0.000000,0.999999,-0.000000,0.000000,-0.000000,-0.000000,0.999999,0.000000,0.000001,0.000000,0.000000,1.000000;;
            }
           }
          }

          Frame VisualSceneNode77 {
           

           FrameTransformMatrix {
            1.000000,0.000000,-0.000000,0.000000,0.000000,0.999999,-0.000000,0.000000,0.000000,0.000000,0.999999,0.000000,0.000000,0.000002,0.000001,1.000000;;
           }
          }

          Frame VisualSceneNode78 {
           

           FrameTransformMatrix {
            1.000000,0.000000,-0.000000,0.000000,0.000000,0.999999,-0.000000,0.000000,0.000000,0.000000,0.999999,0.000000,0.000000,0.000002,0.000002,1.000000;;
           }
          }

          Frame VisualSceneNode79 {
           

           FrameTransformMatrix {
            1.000000,0.000000,-0.000000,0.000000,0.000000,0.999999,-0.000000,0.000000,0.000000,0.000000,0.999999,0.000000,0.000001,0.000000,-0.000001,1.000000;;
           }
          }

          Frame VisualSceneNode80 {
           

           FrameTransformMatrix {
            1.000000,0.000000,-0.000000,0.000000,0.000000,0.999999,-0.000000,0.000000,0.000000,0.000000,0.999999,0.000000,-0.000140,-0.000006,-0.000036,1.000000;;
           }
          }

          Frame VisualSceneNode81 {
           

           FrameTransformMatrix {
            1.000000,0.000000,-0.000000,0.000000,0.000000,0.999999,-0.000000,0.000000,0.000000,0.000000,0.999999,0.000000,-0.000143,-0.000008,-0.000036,1.000000;;
           }
          }
         }
        }

        Frame VisualSceneNode82 {
         

         FrameTransformMatrix {
          1.000000,0.000000,0.000000,0.000000,0.000000,0.999999,-0.000000,0.000000,-0.000000,-0.000000,0.999999,0.000000,-0.135432,0.037191,0.000187,1.000000;;
         }
        }
       }

       Frame VisualSceneNode83 {
        

        FrameTransformMatrix {
         0.134586,-0.343009,0.929640,0.000000,0.990486,0.073719,-0.116195,0.000000,-0.028676,0.936434,0.349667,0.000000,0.269751,0.129270,0.025570,1.000000;;
        }

        Frame VisualSceneNode84 {
         

         FrameTransformMatrix {
          0.999999,0.000000,0.000000,0.000000,0.000000,0.999999,-0.000000,0.000000,-0.000000,0.000000,0.999999,0.000000,0.247320,-0.000000,-0.000000,1.000000;;
         }

         Frame VisualSceneNode85 {
          

          FrameTransformMatrix {
           0.323667,-0.155165,-0.933361,0.000000,0.155165,0.981810,-0.109412,0.000000,0.933361,-0.109412,0.341856,0.000000,0.298673,-0.389124,0.060941,1.000000;;
          }

          Frame VisualSceneNode86 {
           

           FrameTransformMatrix {
            0.999999,0.000000,-0.000000,0.000000,-0.000000,0.999999,-0.000000,0.000000,0.000000,0.000000,0.999999,0.000000,-0.282192,-0.380158,0.336350,1.000000;;
           }

           Frame VisualSceneNode87 {
            

            FrameTransformMatrix {
             -0.331911,-0.940872,-0.067766,0.000000,0.940873,-0.325037,-0.095435,0.000000,0.067766,-0.095435,0.993125,0.000000,-0.039500,-0.058248,-0.025339,1.000000;;
            }

            Frame VisualSceneNode88 {
             

             FrameTransformMatrix {
              0.997309,0.023071,0.069571,0.000000,-0.029488,0.995259,0.092673,0.000000,-0.067103,-0.094475,0.993262,0.000000,0.135316,0.000000,0.000000,1.000000;;
             }

             Frame VisualSceneNode89 {
              

              FrameTransformMatrix {
               0.999999,0.000000,0.000000,0.000000,0.000000,0.999999,-0.000001,0.000000,0.000000,0.000001,0.999999,0.000000,0.067169,0.000000,-0.000000,1.000000;;
              }
             }
            }
           }

           Frame VisualSceneNode90 {
            

            FrameTransformMatrix {
             -0.819392,-0.506473,0.268479,0.000000,0.506473,-0.420290,0.752887,0.000000,-0.268478,0.752887,0.600897,0.000000,-0.188519,-0.114372,0.032883,1.000000;;
            }

            Frame VisualSceneNode91 {
             

             FrameTransformMatrix {
              0.810136,0.361567,-0.461461,0.000000,-0.519563,0.807423,-0.279502,0.000000,0.271536,0.466193,0.841980,0.000000,0.092014,0.000000,0.000000,1.000000;;
             }

             Frame VisualSceneNode92 {
              

              FrameTransformMatrix {
               0.999999,-0.000000,0.000000,0.000000,0.000000,0.999999,-0.000001,0.000000,0.000000,0.000001,0.999998,0.000000,0.118613,0.000000,-0.000000,1.000000;;
              }
             }
            }
           }

           Frame VisualSceneNode93 {
            

            FrameTransformMatrix {
             -0.554264,-0.503486,0.662791,0.000000,0.503487,0.431279,0.748664,0.000000,-0.662790,0.748665,0.014456,0.000000,-0.149253,-0.103498,0.106125,1.000000;;
            }

            Frame VisualSceneNode94 {
             

             FrameTransformMatrix {
              0.791382,-0.295024,-0.535419,0.000000,-0.217306,0.682874,-0.697466,0.000000,0.571393,0.668312,0.476304,0.000000,0.083272,0.000000,0.000000,1.000000;;
             }

             Frame VisualSceneNode95 {
              

              FrameTransformMatrix {
               0.999999,0.000000,-0.000000,0.000000,-0.000000,0.999999,-0.000001,0.000000,0.000000,0.000001,0.999999,0.000000,0.123404,0.000000,0.000000,1.000000;;
              }
             }
            }
           }

           Frame VisualSceneNode96 {
            

            FrameTransformMatrix {
             -0.291793,-0.409770,0.864259,0.000000,0.409771,0.762904,0.500063,0.000000,-0.864258,0.500064,-0.054698,0.000000,-0.094368,-0.097816,0.152913,1.000000;;
            }

            Frame VisualSceneNode97 {
             

             FrameTransformMatrix {
              0.664383,-0.610893,-0.430585,0.000000,-0.026873,0.556218,-0.830600,0.000000,0.746908,0.563408,0.353126,0.000000,0.070899,-0.000000,0.000000,1.000000;;
             }

             Frame VisualSceneNode98 {
              

              FrameTransformMatrix {
               1.000000,-0.000000,0.000000,0.000000,0.000000,0.999998,-0.000000,0.000000,-0.000000,-0.000000,0.999999,0.000000,0.124617,0.000000,0.000000,1.000000;;
              }
             }
            }
           }

           Frame VisualSceneNode99 {
            

            FrameTransformMatrix {
             -0.066288,-0.700284,0.710779,0.000000,0.700285,0.474785,0.533084,0.000000,-0.710778,0.533085,0.458926,0.000000,-0.094904,-0.111186,0.187355,1.000000;;
            }

            Frame VisualSceneNode100 {
             

             FrameTransformMatrix {
              0.985958,-0.067566,-0.152710,0.000000,0.042140,0.985561,-0.163986,0.000000,0.161585,0.155248,0.974570,0.000000,0.058538,0.000000,0.000000,1.000000;;
             }

             Frame VisualSceneNode101 {
              

              FrameTransformMatrix {
               1.000000,-0.000000,0.000000,0.000000,0.000000,0.999999,0.000001,0.000000,-0.000000,-0.000001,0.999999,0.000000,0.036194,0.000000,-0.000000,1.000000;;
              }
             }
            }
           }

           Frame VisualSceneNode102 {
            

            FrameTransformMatrix {
             0.999999,-0.000000,-0.000000,0.000000,0.000000,0.999999,-0.000000,0.000000,0.000000,-0.000000,0.999999,0.000000,-1.894930,0.180247,-0.937180,1.000000;;
            }
           }
          }

          Frame VisualSceneNode103 {
           

           FrameTransformMatrix {
            -0.945913,0.014269,0.324103,0.000000,-0.014266,0.996235,-0.085496,0.000000,-0.324104,-0.085495,-0.942150,0.000000,-0.093844,-0.126421,0.111850,1.000000;;
           }

           Frame VisualSceneNode104 {
            

            FrameTransformMatrix {
             0.999999,0.000000,-0.000000,0.000000,0.000000,0.999998,-0.000000,0.000000,0.000000,0.000000,0.999999,0.000000,0.059473,0.000000,0.000000,1.000000;;
            }
           }
          }

          Frame VisualSceneNode105 {
           

           FrameTransformMatrix {
            0.999999,0.000000,-0.000000,0.000000,-0.000000,0.999999,-0.000000,0.000000,0.000000,0.000000,0.999999,0.000000,-0.179124,-0.241306,0.213499,1.000000;;
           }
          }
         }

         Frame VisualSceneNode106 {
          

          FrameTransformMatrix {
           0.323666,-0.155165,-0.933361,0.000000,0.155165,0.981810,-0.109412,0.000000,0.933361,-0.109412,0.341855,0.000000,0.173415,-0.225933,0.035384,1.000000;;
          }
         }
        }
       }
      }
     }
    }
   }
  }

  Frame VisualSceneNode107 {
   

   FrameTransformMatrix {
    -0.000000,-1.000000,0.000000,0.000000,1.000000,-0.000000,0.000000,0.000000,0.000000,-0.000000,1.000000,0.000000,0.000000,0.000000,0.000000,1.000000;;
   }

   Frame VisualSceneNode108 {
    

    FrameTransformMatrix {
     1.000000,-0.000000,0.000000,0.000000,0.000000,1.000000,-0.000000,0.000000,-0.000000,0.000000,1.000000,0.000000,0.103478,0.176468,-0.113396,1.000000;;
    }
   }

   Frame VisualSceneNode109 {
    

    FrameTransformMatrix {
     1.000000,-0.000000,0.000000,0.000000,0.000000,1.000000,-0.000000,0.000000,-0.000000,0.000000,1.000000,0.000000,0.103237,0.176489,0.113193,1.000000;;
    }
   }
  }

  Frame VisualSceneNode110 {
   

   FrameTransformMatrix {
    -0.000000,-1.000000,0.000000,0.000000,1.000000,-0.000000,0.000000,0.000000,0.000000,-0.000000,1.000000,0.000000,0.000000,0.000000,0.000000,1.000000;;
   }

   Frame VisualSceneNode111 {
    

    FrameTransformMatrix {
     1.000000,-0.000000,0.000000,0.000000,0.000000,1.000000,-0.000000,0.000000,-0.000000,0.000000,1.000000,0.000000,0.000000,0.000000,0.000000,1.000000;;
    }

    Frame VisualSceneNode112 {
     

     FrameTransformMatrix {
      1.000000,-0.000000,-0.000000,0.000000,0.000000,1.000000,0.000000,0.000000,0.000000,-0.000000,1.000000,0.000000,-0.179620,1.770240,-0.937180,1.000000;;
     }
    }

    Frame VisualSceneNode113 {
     

     FrameTransformMatrix {
      1.000000,-0.000000,-0.000000,0.000000,0.000000,1.000000,0.000000,0.000000,0.000000,-0.000000,1.000000,0.000000,-0.179621,1.770250,0.937179,1.000000;;
     }
    }
   }
  }

  Frame VisualSceneNode114 {
   

   FrameTransformMatrix {
    -0.000000,-1.000000,0.000000,0.000000,1.000000,-0.000000,0.000000,0.000000,0.000000,-0.000000,1.000000,0.000000,0.000000,0.000000,0.000000,1.000000;;
   }
  }
 }
}

Frame VisualSceneNode115 {
 

 FrameTransformMatrix {
  1.000000,0.000000,0.000000,0.000000,0.000000,0.000000,-1.000000,0.000000,0.000000,1.000000,0.000000,0.000000,0.000000,0.000000,0.000000,1.000000;;
 }

 Mesh  {
  3998;
  -1.170820;0.281110;1.420600;,
  -1.176430;0.290450;1.389190;,
  -1.189210;0.289000;1.423650;,
  0.000000;0.139626;2.217870;,
  -0.045825;0.095583;2.200160;,
  0.000000;0.114985;2.191350;,
  -0.052407;0.138984;2.222210;,
  -0.093482;0.113119;2.227110;,
  -0.084634;0.132233;2.213790;,
  -0.062908;0.072034;2.148580;,
  0.000000;0.108033;2.117100;,
  -0.074956;0.136808;2.180200;,
  -0.015655;0.284480;2.745070;,
  -0.037354;0.269394;2.734670;,
  -0.021147;0.257619;2.751270;,
  -0.035290;0.298535;2.730550;,
  0.082334;0.258543;2.881880;,
  0.123927;0.299929;2.881770;,
  0.124534;0.264810;2.872100;,
  -0.056615;0.283388;2.724180;,
  0.052405;0.138984;2.222210;,
  0.000000;0.150949;2.245150;,
  0.045824;0.095582;2.200160;,
  0.062906;0.072034;2.148580;,
  -0.056615;0.313682;2.724180;,
  -0.077462;0.298535;2.720590;,
  -0.085425;0.274027;2.724180;,
  -0.103232;0.298535;2.724180;,
  -0.111581;0.273746;2.730550;,
  -0.127040;0.298535;2.734670;,
  -0.060578;0.161823;2.256920;,
  -0.060497;0.138765;2.242370;,
  -0.015655;0.312589;2.745070;,
  0.002753;0.298535;2.765310;,
  -0.000299;0.272765;2.767200;,
  0.012627;0.284480;2.790830;,
  0.004621;0.257619;2.792970;,
  0.012221;0.269394;2.814890;,
  -0.001172;0.243106;2.814890;,
  0.022031;0.374825;2.814890;,
  0.013181;0.363959;2.836810;,
  0.001169;0.353963;2.814890;,
  0.012836;0.362860;2.790830;,
  -0.003685;0.340118;2.790830;,
  0.012563;0.345686;2.765310;,
  -0.000113;0.323042;2.767200;,
  0.019195;0.323492;2.745070;,
  0.007849;0.298535;2.751270;,
  0.027883;0.298535;2.734670;,
  0.043341;0.323323;2.730550;,
  0.051690;0.298535;2.724180;,
  0.078122;0.379885;2.862580;,
  0.071727;0.361660;2.884720;,
  0.052671;0.374825;2.864470;,
  0.062987;0.388558;2.838950;,
  0.036253;0.379870;2.838950;,
  0.048319;0.388219;2.814890;,
  0.035101;0.379885;2.792970;,
  0.030179;0.364737;2.767200;,
  0.035717;0.346234;2.745070;,
  -0.002756;0.298535;2.864470;,
  -0.012629;0.312589;2.838950;,
  0.000296;0.324304;2.862580;,
  0.015652;0.312589;2.884720;,
  0.037351;0.327674;2.895110;,
  0.056612;0.313682;2.905590;,
  0.035287;0.298535;2.899250;,
  0.021144;0.339449;2.878500;,
  0.009223;0.348111;2.857060;,
  -0.004624;0.339449;2.836810;,
  -0.012224;0.327674;2.814890;,
  -0.016840;0.298535;2.814890;,
  -0.012997;0.313682;2.792970;,
  0.029107;0.363959;2.862580;,
  -0.006884;0.298535;2.772720;,
  0.111578;0.323323;2.899250;,
  0.092779;0.345686;2.895110;,
  0.119201;0.346234;2.884720;,
  0.085422;0.323042;2.905590;,
  0.064427;0.338643;2.899250;,
  0.044993;0.352973;2.884720;,
  0.127036;0.298535;2.895110;,
  0.135724;0.323495;2.884720;,
  0.103228;0.298535;2.905590;,
  -0.206825;0.201300;2.833950;,
  -0.200228;0.257348;2.762260;,
  -0.202280;0.267293;2.779000;,
  0.077459;0.298535;2.909210;,
  0.141738;0.363959;2.792970;,
  0.145696;0.348111;2.772720;,
  0.159544;0.339449;2.792970;,
  0.153750;0.353963;2.814890;,
  0.167144;0.327674;2.814890;,
  0.158605;0.340118;2.838950;,
  0.167917;0.313682;2.836810;,
  0.155033;0.323042;2.862580;,
  0.161804;0.298535;2.857060;,
  0.147069;0.298535;2.878500;,
  0.118666;0.379873;2.790840;,
  0.125812;0.363959;2.767200;,
  0.132888;0.374825;2.814890;,
  0.142082;0.362860;2.838950;,
  0.142356;0.345686;2.864470;,
  0.106600;0.388219;2.814890;,
  0.119818;0.379885;2.836810;,
  0.124739;0.364737;2.862580;,
  0.098970;0.364737;2.878500;,
  0.103523;0.378751;2.857060;,
  0.082334;0.258543;2.881880;,
  0.040363;0.236658;2.845180;,
  0.039968;0.263569;2.872100;,
  -0.082336;0.258543;2.881880;,
  -0.123931;0.299929;2.881770;,
  -0.081742;0.299091;2.892990;,
  0.091007;0.389247;2.836810;,
  0.077459;0.392834;2.814890;,
  0.063912;0.389247;2.792970;,
  0.206453;0.059262;1.503680;,
  0.143280;0.085619;1.529670;,
  0.137971;0.089262;1.470500;,
  0.089169;0.196780;2.280390;,
  0.166881;0.141062;2.233160;,
  0.172968;0.172052;2.264290;,
  0.105266;0.060420;1.501460;,
  0.095659;0.071320;1.442800;,
  0.051395;0.378751;2.772720;,
  0.073814;0.027693;1.477340;,
  0.074202;0.038258;1.422470;,
  -0.924574;0.200842;1.661820;,
  -0.963798;0.225693;1.702480;,
  -0.928689;0.193784;1.693190;,
  0.054082;-0.018764;1.373550;,
  0.081301;0.065633;1.378250;,
  0.132969;0.094958;1.403560;,
  0.210886;0.066266;1.436450;,
  0.237927;-0.007236;1.447230;,
  0.242971;-0.017618;1.508890;,
  0.250588;-0.069666;1.448920;,
  0.216254;0.066912;1.389750;,
  0.240237;-0.003351;1.394370;,
  0.248267;-0.061101;1.398280;,
  0.055949;0.364737;2.751270;,
  0.076796;0.379885;2.767200;,
  0.081711;0.261185;2.877180;,
  0.041985;0.300960;2.877210;,
  0.081712;0.300960;2.887850;,
  0.230963;0.028072;1.571960;,
  0.257595;-0.024473;1.563180;,
  0.248029;-0.092561;1.560020;,
  0.258770;-0.093526;1.600880;,
  0.251519;-0.070492;1.505830;,
  0.245388;-0.109841;1.500720;,
  0.224471;-0.136827;1.552340;,
  0.226808;-0.127632;1.600230;,
  0.231664;-0.124631;1.647490;,
  -0.089171;0.196779;2.280390;,
  -0.163089;0.161220;2.326050;,
  -0.172971;0.172051;2.264290;,
  0.091932;0.388558;2.790840;,
  0.265093;-0.036636;1.641470;,
  0.268911;-0.040933;1.601500;,
  0.255025;-0.007777;1.595390;,
  0.224982;0.035178;1.613410;,
  0.062140;0.345686;2.734670;,
  0.083192;0.361660;2.745070;,
  0.102248;0.374825;2.765310;,
  0.250156;0.002203;1.629560;,
  0.069496;0.323042;2.724180;,
  0.090491;0.338643;2.730550;,
  0.109926;0.352973;2.745070;,
  0.077460;0.298535;2.720590;,
  0.098307;0.313682;2.724180;,
  0.117568;0.327674;2.734670;,
  0.133775;0.339449;2.751270;,
  0.171759;0.298535;2.814890;,
  0.082281;0.262136;2.875660;,
  0.120534;0.301528;2.875660;,
  0.081712;0.300960;2.886070;,
  0.167549;0.312589;2.790840;,
  0.154623;0.324304;2.767200;,
  0.139267;0.312589;2.745070;,
  0.119632;0.298535;2.730550;,
  0.157676;0.298535;2.765310;,
  0.313826;0.016767;1.808340;,
  0.267182;-0.041274;1.786840;,
  0.309897;-0.034585;1.832610;,
  0.305578;0.029119;1.847620;,
  0.303388;0.059821;1.779700;,
  0.062987;0.208511;2.838950;,
  0.048319;0.208850;2.814890;,
  0.036253;0.217197;2.838950;,
  0.260617;-0.099522;1.807230;,
  0.294152;-0.107136;1.859220;,
  0.307876;-0.026785;1.869150;,
  0.022031;0.222244;2.814890;,
  0.013181;0.233111;2.836810;,
  0.001169;0.243106;2.814890;,
  0.012837;0.234210;2.790840;,
  -0.082284;0.262136;2.875660;,
  -0.120537;0.301528;2.875660;,
  -0.121031;0.267907;2.866650;,
  0.257134;-0.200391;1.858030;,
  0.287643;-0.097998;1.892830;,
  -0.003685;0.256952;2.790840;,
  0.206822;0.201301;2.833950;,
  0.194874;0.288581;2.815530;,
  0.202276;0.267294;2.779000;,
  -0.194878;0.288579;2.815530;,
  -0.215450;0.221028;2.862540;,
  0.012563;0.251384;2.765310;,
  0.030180;0.232331;2.767200;,
  0.035717;0.250834;2.745070;,
  0.055949;0.232332;2.751270;,
  -0.004624;0.257619;2.836810;,
  0.009223;0.248958;2.857060;,
  -0.012224;0.269394;2.814890;,
  -0.012997;0.283388;2.792970;,
  -0.000113;0.274027;2.767200;,
  0.019195;0.273576;2.745070;,
  0.043341;0.273746;2.730550;,
  0.069496;0.274027;2.724180;,
  0.098307;0.283388;2.724180;,
  0.117568;0.269394;2.734670;,
  0.139267;0.284480;2.745070;,
  0.133775;0.257619;2.751270;,
  0.154623;0.272766;2.767200;,
  0.145696;0.248958;2.772720;,
  0.159544;0.257619;2.792970;,
  0.062140;0.251384;2.734670;,
  0.090491;0.258426;2.730550;,
  0.109926;0.244095;2.745070;,
  0.125812;0.233111;2.767200;,
  0.141738;0.233111;2.792970;,
  0.083192;0.235409;2.745070;,
  0.102248;0.222244;2.765310;,
  0.118666;0.217197;2.790840;,
  0.132888;0.222245;2.814890;,
  0.106600;0.208850;2.814890;,
  0.076797;0.217185;2.767200;,
